717 431 0 0
765 82 0 0
511 1338 0 0
1359 1359 0 0
1457 1449 0 0
1400 707 0 0
588 889 0 0
471 1049 0 0
152 272 0 0
330 1329 0 0
1271 659 0 0
1000 758 0 0
98 132 0 0
347 898 0 0
786 370 0 0
519 628 0 0
1380 1427 0 0
1057 754 0 0
213 71 0 0
43 197 0 0
1097 1144 0 0
714 735 0 0
14 93 0 0
124 1146 0 0
1369 911 0 0
1150 158 0 0
1139 775 0 0
1403 112 0 0
488 979 0 0
514 540 0 0
1484 1171 0 0
84 259 0 0
197 402 0 0
926 1495 0 0
1265 1452 0 0
906 35 0 0
1247 1331 0 0
120 239 0 0
999 1351 0 0
1281 1137 0 0
1467 1183 0 0
853 363 0 0
734 263 0 0
816 1464 0 0
598 769 0 0
1185 1045 0 0
7 853 0 0
607 267 0 0
1183 637 0 0
468 625 0 0
766 925 0 0
358 816 0 0
183 1454 0 0
414 639 0 0
599 56 0 0
769 1050 0 0
143 299 0 0
658 818 0 0
1441 945 0 0
97 1008 0 0
96 567 0 0
557 835 0 0
1013 1170 0 0
330 1369 0 0
457 1366 0 0
1147 1265 0 0
1128 798 0 0
1105 685 0 0
1480 371 0 0
223 1469 0 0
393 1418 0 0
1379 249 0 0
221 1156 0 0
854 805 0 0
1251 640 0 0
586 278 0 0
485 854 0 0
42 403 0 0
1245 1421 0 0
1362 314 0 0
807 433 0 0
182 705 0 0
1454 1288 0 0
1273 761 0 0
728 765 0 0
1484 1349 0 0
999 1400 0 0
188 682 0 0
1089 978 0 0
116 118 0 0
124 669 0 0
113 580 0 0
792 510 0 0
1169 687 0 0
1106 681 0 0
794 1158 0 0
161 916 0 0
1236 894 0 0
900 921 0 0
685 1424 0 0
336 315 0 0
1202 604 0 0
539 1117 0 0
515 1492 0 0
1204 941 0 0
634 322 0 0
23 61 0 0
323 1427 0 0
1438 192 0 0
860 110 0 0
766 513 0 0
879 906 0 0
264 886 0 0
1326 1469 0 0
604 355 0 0
475 709 0 0
830 448 0 0
1323 913 0 0
1040 623 0 0
551 842 0 0
985 370 0 0
557 997 0 0
553 903 0 0
497 1260 0 0
701 1237 0 0
86 283 0 0
687 1400 0 0
604 753 0 0
513 928 0 0
702 1118 0 0
557 699 0 0
1033 1189 0 0
571 1209 0 0
1162 1269 0 0
112 1100 0 0
260 1084 0 0
1267 574 0 0
632 211 0 0
335 238 0 0
1200 702 0 0
182 24 0 0
858 1202 0 0
1385 980 0 0
584 1184 0 0
1490 122 0 0
357 1096 0 0
709 210 0 0
44 494 0 0
1435 930 0 0
979 413 0 0
744 1379 0 0
161 331 0 0
1473 179 0 0
874 227 0 0
952 570 0 0
887 1181 0 0
726 688 0 0
593 1327 0 0
1127 955 0 0
353 984 0 0
754 356 0 0
496 1314 0 0
513 205 0 0
459 694 0 0
991 630 0 0
1171 574 0 0
316 783 0 0
657 1415 0 0
1067 1407 0 0
240 737 0 0
20 1200 0 0
280 649 0 0
612 242 0 0
1026 48 0 0
1210 170 0 0
150 1407 0 0
614 102 0 0
1414 321 0 0
663 174 0 0
560 619 0 0
285 514 0 0
1307 1024 0 0
572 759 0 0
1268 93 0 0
17 1002 0 0
802 1367 0 0
1181 224 0 0
607 117 0 0
1432 60 0 0
1141 960 0 0
481 572 0 0
1300 883 0 0
39 1047 0 0
366 925 0 0
1137 1180 0 0
96 1136 0 0
69 580 0 0
1419 241 0 0
1355 431 0 0
1122 1097 0 0
